绿史莱姆
50
20
1
1
1
红史莱姆
70
15
2
2
2
黑史莱姆
200
35
10
5
5
蝙蝠
100
20
5
3
3
大蝙蝠
150
65
30
10
8
骷髅
110
25
5
5
4
骷髅士兵
150
40
20
8
6
骷髅队长
400
90
50
15
12
巫师
125
50
25
10
7
高等巫师
100
200
110
30
25
僵尸
300
75
45
13
10
僵尸王
900
450
330
50
50
石面人
500
115
65
15
15
粘液人
3100
1150
1095
92
80
史莱姆王
700
250
125
32
30
魔法师
250
120
70
20
17
高等魔法师
500
400
260
47
45
顽石人
450
150
90
22
19
顽石幽灵
1250
500
400
55
55
高等顽石人
1500
560
460
60
60
红蝙蝠
550
160
90
25
20
骑士
900
750
650
77
70
黄金骑士
850
350
200
45
40
双剑战士
1200
650
520
65
75
武士
2000
680
590
70
65
幽灵武士
2500
900
850
84
75
剑术大师
2000
680
590
70
65
魔法大师
1500
830
730
80
70
白衣恶魔
1300
300
150
40
35
红衣魔王
15000
1000
1000
100
100